0	0	0
0.0135353627	0.834519029	-0.550813437	1.00450742
-0.963456929	-0.136427507	-0.230365798	0.243004918
-0.267461121	0.533690512	0.802095294	-1.4616437
0.0000000000	0.0000000000	0.0000000000	1.0000000000
0	0	1
-0.1865713	-0.858627677	0.477437377	-0.930443347
-0.958508432	0.0526982173	-0.279790908	0.819977462
0.215004623	-0.50989002	-0.832900405	1.28139675
0.0000000000	0.0000000000	0.0000000000	1.0000000000
0	0	2
0.390989214	-0.507312953	0.767958403	-1.65276623
0.915315747	0.126777008	-0.382264018	0.757760584
0.0965501666	0.852261901	0.513841689	-1.1626209
0.0000000000	0.0000000000	0.0000000000	1.0000000000
0	0	3
0.156036079	-0.584665716	-0.796128631	1.54427588
-0.987381697	-0.0732775182	-0.139707968	0.424407333
0.0233748704	0.807816267	-0.58879298	0.878855526
0.0000000000	0.0000000000	0.0000000000	1.0000000000
0	0	4
0.107583165	-0.990363955	-0.0872071236	0.155425414
-0.978390336	-0.089936465	-0.185645789	0.364001989
0.176005036	0.105286911	-0.978737473	1.03810751
0.0000000000	0.0000000000	0.0000000000	1.0000000000
0	0	5
-0.977611005	0.210137248	-0.0110620251	-0.00100750849
-0.121359251	-0.605960906	-0.786180377	1.6955961
-0.171908453	-0.767235339	0.617888868	-1.64402926
0.0000000000	0.0000000000	0.0000000000	1.0000000000
